g Table
usemtl color8

v -25 68.75 -31.25
v -25 68.75 -25
v -18.75 68.75 -25
v -18.75 68.75 -31.25
v -25 75 -31.25
v -25 75 -25
v -18.75 75 -25
v -18.75 75 -31.25
v 87.5 0 87.5
v 87.5 0 93.75
v 93.75 0 93.75
v 93.75 0 87.5
v 87.5 68.75 87.5
v 87.5 68.75 93.75
v 93.75 68.75 93.75
v 93.75 68.75 87.5
v 87.5 68.75 87.5
v 87.5 68.75 93.75
v 93.75 68.75 93.75
v 93.75 68.75 87.5
v 87.5 75 87.5
v 87.5 75 93.75
v 93.75 75 93.75
v 93.75 75 87.5
v 87.5 0 -31.25
v 87.5 0 -25
v 93.75 0 -25
v 93.75 0 -31.25
v 87.5 68.75 -31.25
v 87.5 68.75 -25
v 93.75 68.75 -25
v 93.75 68.75 -31.25
v 87.5 68.75 -31.25
v 87.5 68.75 -25
v 93.75 68.75 -25
v 93.75 68.75 -31.25
v 87.5 75 -31.25
v 87.5 75 -25
v 93.75 75 -25
v 93.75 75 -31.25
v -25 68.75 87.5
v -25 68.75 93.75
v -18.75 68.75 93.75
v -18.75 68.75 87.5
v -25 75 87.5
v -25 75 93.75
v -18.75 75 93.75
v -18.75 75 87.5
v -18.75 68.75 -31.25
v -18.75 68.75 -25
v 87.5 68.75 -25
v 87.5 68.75 -31.25
v -18.75 75 -31.25
v -18.75 75 -25
v 87.5 75 -25
v 87.5 75 -31.25
v -18.75 68.75 87.5
v -18.75 68.75 93.75
v 87.5 68.75 93.75
v 87.5 68.75 87.5
v -18.75 75 87.5
v -18.75 75 93.75
v 87.5 75 93.75
v 87.5 75 87.5
v -25 68.75 -25
v -25 68.75 87.5
v -18.75 68.75 87.5
v -18.75 68.75 -25
v -25 75 -25
v -25 75 87.5
v -18.75 75 87.5
v -18.75 75 -25
v 87.5 68.75 -25
v 87.5 68.75 87.5
v 93.75 68.75 87.5
v 93.75 68.75 -25
v 87.5 75 -25
v 87.5 75 87.5
v 93.75 75 87.5
v 93.75 75 -25
v -18.75 68.75 -25
v -18.75 68.75 87.5
v 87.5 68.75 87.5
v 87.5 68.75 -25
v -18.75 75 -25
v -18.75 75 87.5
v 87.5 75 87.5
v 87.5 75 -25
v -25 0 87.5
v -25 0 93.75
v -18.75 0 93.75
v -18.75 0 87.5
v -25 68.75 87.5
v -25 68.75 93.75
v -18.75 68.75 93.75
v -18.75 68.75 87.5
v -25 0 -31.25
v -25 0 -25
v -18.75 0 -25
v -18.75 0 -31.25
v -25 68.75 -31.25
v -25 68.75 -25
v -18.75 68.75 -25
v -18.75 68.75 -31.25

f 1 4 3 2
f 5 6 7 8
f 1 2 6 5
f 3 4 8 7
f 2 3 7 6
f 4 1 5 8
f 9 12 11 10
f 13 14 15 16
f 9 10 14 13
f 11 12 16 15
f 10 11 15 14
f 12 9 13 16
f 17 20 19 18
f 21 22 23 24
f 17 18 22 21
f 19 20 24 23
f 18 19 23 22
f 20 17 21 24
f 25 28 27 26
f 29 30 31 32
f 25 26 30 29
f 27 28 32 31
f 26 27 31 30
f 28 25 29 32
f 33 36 35 34
f 37 38 39 40
f 33 34 38 37
f 35 36 40 39
f 34 35 39 38
f 36 33 37 40
f 41 44 43 42
f 45 46 47 48
f 41 42 46 45
f 43 44 48 47
f 42 43 47 46
f 44 41 45 48
f 49 52 51 50
f 53 54 55 56
f 49 50 54 53
f 51 52 56 55
f 50 51 55 54
f 52 49 53 56
f 57 60 59 58
f 61 62 63 64
f 57 58 62 61
f 59 60 64 63
f 58 59 63 62
f 60 57 61 64
f 65 68 67 66
f 69 70 71 72
f 65 66 70 69
f 67 68 72 71
f 66 67 71 70
f 68 65 69 72
f 73 76 75 74
f 77 78 79 80
f 73 74 78 77
f 75 76 80 79
f 74 75 79 78
f 76 73 77 80
f 81 84 83 82
f 85 86 87 88
f 81 82 86 85
f 83 84 88 87
f 82 83 87 86
f 84 81 85 88
f 89 92 91 90
f 93 94 95 96
f 89 90 94 93
f 91 92 96 95
f 90 91 95 94
f 92 89 93 96
f 97 100 99 98
f 101 102 103 104
f 97 98 102 101
f 99 100 104 103
f 98 99 103 102
f 100 97 101 104

g Chair01
usemtl color8

v 6.25 -1.25 -43.75
v 6.25 -1.25 -42.5
v 7.5 -1.25 -42.5
v 7.5 -1.25 -43.75
v 6.25 47.5 -43.75
v 6.25 47.5 -42.5
v 7.5 47.5 -42.5
v 7.5 47.5 -43.75
v 6.25 47.5 -43.75
v 6.25 47.5 -42.5
v 7.5 47.5 -42.5
v 7.5 47.5 -43.75
v 6.25 48.75 -43.75
v 6.25 48.75 -42.5
v 7.5 48.75 -42.5
v 7.5 48.75 -43.75
v 42.5 -1.25 -7.5
v 42.5 -1.25 -6.25
v 43.75 -1.25 -6.25
v 43.75 -1.25 -7.5
v 42.5 47.5 -7.5
v 42.5 47.5 -6.25
v 43.75 47.5 -6.25
v 43.75 47.5 -7.5
v 42.5 47.5 -7.5
v 42.5 47.5 -6.25
v 43.75 47.5 -6.25
v 43.75 47.5 -7.5
v 42.5 48.75 -7.5
v 42.5 48.75 -6.25
v 43.75 48.75 -6.25
v 43.75 48.75 -7.5
v 42.5 -1.25 -43.75
v 42.5 -1.25 -42.5
v 43.75 -1.25 -42.5
v 43.75 -1.25 -43.75
v 42.5 47.5 -43.75
v 42.5 47.5 -42.5
v 43.75 47.5 -42.5
v 43.75 47.5 -43.75
v 42.5 47.5 -43.75
v 42.5 47.5 -42.5
v 43.75 47.5 -42.5
v 43.75 47.5 -43.75
v 42.5 48.75 -43.75
v 42.5 48.75 -42.5
v 43.75 48.75 -42.5
v 43.75 48.75 -43.75
v 6.25 -1.25 -7.5
v 6.25 -1.25 -6.25
v 7.5 -1.25 -6.25
v 7.5 -1.25 -7.5
v 6.25 47.5 -7.5
v 6.25 47.5 -6.25
v 7.5 47.5 -6.25
v 7.5 47.5 -7.5
v 6.25 47.5 -7.5
v 6.25 47.5 -6.25
v 7.5 47.5 -6.25
v 7.5 47.5 -7.5
v 6.25 48.75 -7.5
v 6.25 48.75 -6.25
v 7.5 48.75 -6.25
v 7.5 48.75 -7.5
v 7.5 47.5 -43.75
v 7.5 47.5 -42.5
v 18.75 47.5 -42.5
v 18.75 47.5 -43.75
v 7.5 48.75 -43.75
v 7.5 48.75 -42.5
v 18.75 48.75 -42.5
v 18.75 48.75 -43.75
v 7.5 47.5 -7.5
v 7.5 47.5 -6.25
v 18.75 45 -6.25
v 18.75 45 -7.5
v 7.5 48.75 -7.5
v 7.5 48.75 -6.25
v 18.75 46.25 -6.25
v 18.75 46.25 -7.5
v 6.25 47.5 -42.5
v 6.25 47.5 -7.5
v 7.5 47.5 -7.5
v 7.5 47.5 -42.5
v 6.25 48.75 -42.5
v 6.25 48.75 -7.5
v 7.5 48.75 -7.5
v 7.5 48.75 -42.5
v 42.5 47.5 -42.5
v 42.5 47.5 -7.5
v 43.75 47.5 -7.5
v 43.75 47.5 -42.5
v 42.5 48.75 -42.5
v 42.5 48.75 -7.5
v 43.75 48.75 -7.5
v 43.75 48.75 -42.5
v 7.5 47.5 -42.5
v 7.5 47.5 -7.5
v 18.75 45 -7.5
v 18.75 47.5 -42.5
v 7.5 48.75 -42.5
v 7.5 48.75 -7.5
v 18.75 46.25 -7.5
v 18.75 48.75 -42.5
v 42.5 48.75 -7.5
v 42.5 48.75 -6.25
v 43.75 48.75 -6.25
v 43.75 48.75 -7.5
v 42.5 97.5 -7.5
v 42.5 97.5 -6.25
v 43.75 97.5 -6.25
v 43.75 97.5 -7.5
v 6.25 48.75 -7.5
v 6.25 48.75 -6.25
v 7.5 48.75 -6.25
v 7.5 48.75 -7.5
v 6.25 97.5 -7.5
v 6.25 97.5 -6.25
v 7.5 97.5 -6.25
v 7.5 97.5 -7.5
v 7.5 48.75 -7.5
v 7.5 48.75 -6.25
v 18.75 46.25 -6.25
v 18.75 46.25 -7.5
v 7.5 97.5 -7.5
v 7.5 97.5 -6.25
v 18.75 97.5 -5
v 18.75 97.5 -6.25
v 18.75 45 -7.5
v 18.75 45 -6.25
v 31.25 45 -6.25
v 31.25 45 -7.5
v 18.75 46.25 -7.5
v 18.75 46.25 -6.25
v 31.25 46.25 -6.25
v 31.25 46.25 -7.5
v 18.75 46.25 -7.5
v 18.75 46.25 -6.25
v 31.25 46.25 -6.25
v 31.25 46.25 -7.5
v 18.75 97.5 -6.25
v 18.75 97.5 -5
v 31.25 97.5 -5
v 31.25 97.5 -6.25
v 18.75 47.5 -42.5
v 18.75 45 -7.5
v 31.25 45 -7.5
v 31.25 47.5 -42.5
v 18.75 48.75 -42.5
v 18.75 46.25 -7.5
v 31.25 46.25 -7.5
v 31.25 48.75 -42.5
v 18.75 47.5 -43.75
v 18.75 47.5 -42.5
v 31.25 47.5 -42.5
v 31.25 47.5 -43.75
v 18.75 48.75 -43.75
v 18.75 48.75 -42.5
v 31.25 48.75 -42.5
v 31.25 48.75 -43.75
v 31.25 45 -7.5
v 31.25 45 -6.25
v 42.5 47.5 -6.25
v 42.5 47.5 -7.5
v 31.25 46.25 -7.5
v 31.25 46.25 -6.25
v 42.5 48.75 -6.25
v 42.5 48.75 -7.5
v 31.25 46.25 -7.5
v 31.25 46.25 -6.25
v 42.5 48.75 -6.25
v 42.5 48.75 -7.5
v 31.25 97.5 -6.25
v 31.25 97.5 -5
v 42.5 97.5 -6.25
v 42.5 97.5 -7.5
v 31.25 47.5 -42.5
v 31.25 45 -7.5
v 42.5 47.5 -7.5
v 42.5 47.5 -42.5
v 31.25 48.75 -42.5
v 31.25 46.25 -7.5
v 42.5 48.75 -7.5
v 42.5 48.75 -42.5
v 31.25 47.5 -43.75
v 31.25 47.5 -42.5
v 42.5 47.5 -42.5
v 42.5 47.5 -43.75
v 31.25 48.75 -43.75
v 31.25 48.75 -42.5
v 42.5 48.75 -42.5
v 42.5 48.75 -43.75

f 1 4 3 2
f 5 6 7 8
f 1 2 6 5
f 3 4 8 7
f 2 3 7 6
f 4 1 5 8
f 9 12 11 10
f 13 14 15 16
f 9 10 14 13
f 11 12 16 15
f 10 11 15 14
f 12 9 13 16
f 17 20 19 18
f 21 22 23 24
f 17 18 22 21
f 19 20 24 23
f 18 19 23 22
f 20 17 21 24
f 25 28 27 26
f 29 30 31 32
f 25 26 30 29
f 27 28 32 31
f 26 27 31 30
f 28 25 29 32
f 33 36 35 34
f 37 38 39 40
f 33 34 38 37
f 35 36 40 39
f 34 35 39 38
f 36 33 37 40
f 41 44 43 42
f 45 46 47 48
f 41 42 46 45
f 43 44 48 47
f 42 43 47 46
f 44 41 45 48
f 49 52 51 50
f 53 54 55 56
f 49 50 54 53
f 51 52 56 55
f 50 51 55 54
f 52 49 53 56
f 57 60 59 58
f 61 62 63 64
f 57 58 62 61
f 59 60 64 63
f 58 59 63 62
f 60 57 61 64
f 65 68 67 66
f 69 70 71 72
f 65 66 70 69
f 67 68 72 71
f 66 67 71 70
f 68 65 69 72
f 73 76 75 74
f 77 78 79 80
f 73 74 78 77
f 75 76 80 79
f 74 75 79 78
f 76 73 77 80
f 81 84 83 82
f 85 86 87 88
f 81 82 86 85
f 83 84 88 87
f 82 83 87 86
f 84 81 85 88
f 89 92 91 90
f 93 94 95 96
f 89 90 94 93
f 91 92 96 95
f 90 91 95 94
f 92 89 93 96
f 97 100 99 98
f 101 102 103 104
f 97 98 102 101
f 99 100 104 103
f 98 99 103 102
f 100 97 101 104
f 105 108 107 106
f 109 110 111 112
f 105 106 110 109
f 107 108 112 111
f 106 107 111 110
f 108 105 109 112
f 113 116 115 114
f 117 118 119 120
f 113 114 118 117
f 115 116 120 119
f 114 115 119 118
f 116 113 117 120
f 121 124 123 122
f 125 126 127 128
f 121 122 126 125
f 123 124 128 127
f 122 123 127 126
f 124 121 125 128
f 129 132 131 130
f 133 134 135 136
f 129 130 134 133
f 131 132 136 135
f 130 131 135 134
f 132 129 133 136
f 137 140 139 138
f 141 142 143 144
f 137 138 142 141
f 139 140 144 143
f 138 139 143 142
f 140 137 141 144
f 145 148 147 146
f 149 150 151 152
f 145 146 150 149
f 147 148 152 151
f 146 147 151 150
f 148 145 149 152
f 153 156 155 154
f 157 158 159 160
f 153 154 158 157
f 155 156 160 159
f 154 155 159 158
f 156 153 157 160
f 161 164 163 162
f 165 166 167 168
f 161 162 166 165
f 163 164 168 167
f 162 163 167 166
f 164 161 165 168
f 169 172 171 170
f 173 174 175 176
f 169 170 174 173
f 171 172 176 175
f 170 171 175 174
f 172 169 173 176
f 177 180 179 178
f 181 182 183 184
f 177 178 182 181
f 179 180 184 183
f 178 179 183 182
f 180 177 181 184
f 185 188 187 186
f 189 190 191 192
f 185 186 190 189
f 187 188 192 191
f 186 187 191 190
f 188 185 189 192

g Stair_1Flight
usemtl color8

v 299.99999999970004 149.99999999985002 0
v 299.99999999970004 133.33333333320002 0
v 266.66666666640003 116.66666666655001 0
v 266.66666666640003 149.99999999985002 0
v 299.99999999970004 149.99999999985002 100
v 299.99999999970004 133.33333333320002 100
v 266.66666666640003 116.66666666655001 100
v 266.66666666640003 149.99999999985002 100
v 366.66666666630005 183.33333333315002 0
v 366.66666666630005 166.66666666650002 0
v 333.33333333300004 149.99999999985002 0
v 333.33333333300004 183.33333333315002 0
v 366.66666666630005 183.33333333315002 100
v 366.66666666630005 166.66666666650002 100
v 333.33333333300004 149.99999999985002 100
v 333.33333333300004 183.33333333315002 100
v 333.33333333300004 166.66666666650002 0
v 333.33333333300004 149.99999999985002 0
v 299.99999999970004 133.33333333320002 0
v 299.99999999970004 166.66666666650002 0
v 333.33333333300004 166.66666666650002 100
v 333.33333333300004 149.99999999985002 100
v 299.99999999970004 133.33333333320002 100
v 299.99999999970004 166.66666666650002 100
v 399.99999999960005 199.99999999980002 0
v 399.99999999960005 183.33333333315002 0
v 366.66666666630005 166.66666666650002 0
v 366.66666666630005 199.99999999980002 0
v 399.99999999960005 199.99999999980002 100
v 399.99999999960005 183.33333333315002 100
v 366.66666666630005 166.66666666650002 100
v 366.66666666630005 199.99999999980002 100
v 433.33333333290005 216.66666666645003 0
v 433.33333333290005 199.99999999980002 0
v 399.99999999960005 183.33333333315002 0
v 399.99999999960005 216.66666666645003 0
v 433.33333333290005 216.66666666645003 100
v 433.33333333290005 199.99999999980002 100
v 399.99999999960005 183.33333333315002 100
v 399.99999999960005 216.66666666645003 100
v 499.99999999950006 250 0
v 499.99999999950006 233.33333333310003 0
v 466.66666666620006 216.66666666645003 0
v 466.66666666620006 250 0
v 499.99999999950006 250 100
v 499.99999999950006 233.33333333310003 100
v 466.66666666620006 216.66666666645003 100
v 466.66666666620006 250 100
v 466.66666666620006 233.33333333310003 0
v 466.66666666620006 216.66666666645003 0
v 433.33333333290005 199.99999999980002 0
v 433.33333333290005 233.33333333310003 0
v 466.66666666620006 233.33333333310003 100
v 466.66666666620006 216.66666666645003 100
v 433.33333333290005 199.99999999980002 100
v 433.33333333290005 233.33333333310003 100
v 266.66666666640003 133.33333333320002 0
v 266.66666666640003 116.66666666655001 0
v 233.33333333310003 99.99999999990001 0
v 233.33333333310003 133.33333333320002 0
v 266.66666666640003 133.33333333320002 100
v 266.66666666640003 116.66666666655001 100
v 233.33333333310003 99.99999999990001 100
v 233.33333333310003 133.33333333320002 100
v 233.33333333310003 116.66666666655001 0
v 233.33333333310003 99.99999999990001 0
v 199.99999999980002 83.33333333325001 0
v 199.99999999980002 116.66666666655001 0
v 233.33333333310003 116.66666666655001 100
v 233.33333333310003 99.99999999990001 100
v 199.99999999980002 83.33333333325001 100
v 199.99999999980002 116.66666666655001 100
v 199.99999999980002 99.99999999990001 0
v 199.99999999980002 83.33333333325001 0
v 166.66666666650002 66.66666666660001 0
v 166.66666666650002 99.99999999990001 0
v 199.99999999980002 99.99999999990001 100
v 199.99999999980002 83.33333333325001 100
v 166.66666666650002 66.66666666660001 100
v 166.66666666650002 99.99999999990001 100
v 166.66666666650002 83.33333333325001 0
v 166.66666666650002 66.66666666660001 0
v 133.33333333320002 49.999999999950006 0
v 133.33333333320002 83.33333333325001 0
v 166.66666666650002 83.33333333325001 100
v 166.66666666650002 66.66666666660001 100
v 133.33333333320002 49.999999999950006 100
v 133.33333333320002 83.33333333325001 100
v 133.33333333320002 66.66666666660001 0
v 133.33333333320002 49.999999999950006 0
v 99.99999999990001 33.333333333300004 0
v 99.99999999990001 66.66666666660001 0
v 133.33333333320002 66.66666666660001 100
v 133.33333333320002 49.999999999950006 100
v 99.99999999990001 33.333333333300004 100
v 99.99999999990001 66.66666666660001 100
v 99.99999999990001 49.999999999950006 0
v 99.99999999990001 33.333333333300004 0
v 66.66666666660001 16.666666666650002 0
v 66.66666666660001 49.999999999950006 0
v 99.99999999990001 49.999999999950006 100
v 99.99999999990001 33.333333333300004 100
v 66.66666666660001 16.666666666650002 100
v 66.66666666660001 49.999999999950006 100
v 66.66666666660001 33.333333333300004 0
v 66.66666666660001 16.666666666650002 0
v 33.333333333300004 0 0
v 33.333333333300004 33.333333333300004 0
v 66.66666666660001 33.333333333300004 100
v 66.66666666660001 16.666666666650002 100
v 33.333333333300004 0 100
v 33.333333333300004 33.333333333300004 100
v 33.333333333300004 16.666666666650002 0
v 33.333333333300004 0 0
v 0 0 0
v 0 16.666666666650002 0
v 33.333333333300004 16.666666666650002 100
v 33.333333333300004 0 100
v 0 0 100
v 0 16.666666666650002 100

f 1 2 3 4
f 5 8 7 6
f 1 5 6 2
f 2 6 7 3
f 3 7 8 4
f 5 1 4 8
f 9 10 11 12
f 13 16 15 14
f 9 13 14 10
f 10 14 15 11
f 11 15 16 12
f 13 9 12 16
f 17 18 19 20
f 21 24 23 22
f 17 21 22 18
f 18 22 23 19
f 19 23 24 20
f 21 17 20 24
f 25 26 27 28
f 29 32 31 30
f 25 29 30 26
f 26 30 31 27
f 27 31 32 28
f 29 25 28 32
f 33 34 35 36
f 37 40 39 38
f 33 37 38 34
f 34 38 39 35
f 35 39 40 36
f 37 33 36 40
f 41 42 43 44
f 45 48 47 46
f 41 45 46 42
f 42 46 47 43
f 43 47 48 44
f 45 41 44 48
f 49 50 51 52
f 53 56 55 54
f 49 53 54 50
f 50 54 55 51
f 51 55 56 52
f 53 49 52 56
f 57 58 59 60
f 61 64 63 62
f 57 61 62 58
f 58 62 63 59
f 59 63 64 60
f 61 57 60 64
f 65 66 67 68
f 69 72 71 70
f 65 69 70 66
f 66 70 71 67
f 67 71 72 68
f 69 65 68 72
f 73 74 75 76
f 77 80 79 78
f 73 77 78 74
f 74 78 79 75
f 75 79 80 76
f 77 73 76 80
f 81 82 83 84
f 85 88 87 86
f 81 85 86 82
f 82 86 87 83
f 83 87 88 84
f 85 81 84 88
f 89 90 91 92
f 93 96 95 94
f 89 93 94 90
f 90 94 95 91
f 91 95 96 92
f 93 89 92 96
f 97 98 99 100
f 101 104 103 102
f 97 101 102 98
f 98 102 103 99
f 99 103 104 100
f 101 97 100 104
f 105 106 107 108
f 109 112 111 110
f 105 109 110 106
f 106 110 111 107
f 107 111 112 108
f 109 105 108 112
f 113 114 115 116
f 117 120 119 118
f 113 117 118 114
f 114 118 119 115
f 115 119 120 116
f 117 113 116 120

g Rail:Field
usemtl color8

v 0 0 137.5
v 0 0 150
v 12.5 0 150
v 12.5 0 137.5
v 0 75 137.5
v 0 75 150
v 12.5 75 150
v 12.5 75 137.5
v 0 62.5 0
v 0 62.5 137.5
v 12.5 62.5 137.5
v 12.5 62.5 0
v 0 75 0
v 0 75 137.5
v 12.5 75 137.5
v 12.5 75 0
v 0 50 0
v 0 50 137.5
v 12.5 50 137.5
v 12.5 50 0
v 0 56.25 0
v 0 56.25 137.5
v 12.5 56.25 137.5
v 12.5 56.25 0
v 0 37.5 0
v 0 37.5 137.5
v 12.5 37.5 137.5
v 12.5 37.5 0
v 0 43.75 0
v 0 43.75 137.5
v 12.5 43.75 137.5
v 12.5 43.75 0
v 0 25 0
v 0 25 137.5
v 12.5 25 137.5
v 12.5 25 0
v 0 31.25 0
v 0 31.25 137.5
v 12.5 31.25 137.5
v 12.5 31.25 0
v 0 12.5 0
v 0 12.5 137.5
v 12.5 12.5 137.5
v 12.5 12.5 0
v 0 18.75 0
v 0 18.75 137.5
v 12.5 18.75 137.5
v 12.5 18.75 0

f 1 4 3 2
f 5 6 7 8
f 1 2 6 5
f 3 4 8 7
f 2 3 7 6
f 4 1 5 8
f 9 12 11 10
f 13 14 15 16
f 9 10 14 13
f 11 12 16 15
f 10 11 15 14
f 12 9 13 16
f 17 20 19 18
f 21 22 23 24
f 17 18 22 21
f 19 20 24 23
f 18 19 23 22
f 20 17 21 24
f 25 28 27 26
f 29 30 31 32
f 25 26 30 29
f 27 28 32 31
f 26 27 31 30
f 28 25 29 32
f 33 36 35 34
f 37 38 39 40
f 33 34 38 37
f 35 36 40 39
f 34 35 39 38
f 36 33 37 40
f 41 44 43 42
f 45 46 47 48
f 41 42 46 45
f 43 44 48 47
f 42 43 47 46
f 44 41 45 48

g Rail:Post
usemtl color8

v 0 0 -12.5
v 0 0 0
v 12.5 0 0
v 12.5 0 -12.5
v 0 75 -12.5
v 0 75 0
v 12.5 75 0
v 12.5 75 -12.5

f 1 4 3 2
f 5 6 7 8
f 1 2 6 5
f 3 4 8 7
f 2 3 7 6
f 4 1 5 8

g Window:Frame
usemtl color10

v 0 10 -27.5
v 10 10 -27.5
v 10 0 -27.5
v 0 0 -27.5
v 10 10 -27.5
v 40 10 -27.5
v 40 0 -27.5
v 10 0 -27.5
v 0 90 -27.5
v 10 90 -27.5
v 10 10 -27.5
v 0 10 -27.5
v 40 10 -27.5
v 50 10 -27.5
v 50 0 -27.5
v 40 0 -27.5
v 0 100 -27.5
v 10 100 -27.5
v 10 90 -27.5
v 0 90 -27.5
v 10 100 -27.5
v 40 100 -27.5
v 40 90 -27.5
v 10 90 -27.5
v 40 100 -27.5
v 50 100 -27.5
v 50 90 -27.5
v 40 90 -27.5
v 40 90 -27.5
v 50 90 -27.5
v 50 10 -27.5
v 40 10 -27.5
v 50 10 -22.5
v 40 10 -22.5
v 40 0 -22.5
v 50 0 -22.5
v 40 10 -22.5
v 10 10 -22.5
v 10 0 -22.5
v 40 0 -22.5
v 50 90 -22.5
v 40 90 -22.5
v 40 10 -22.5
v 50 10 -22.5
v 10 10 -22.5
v 0 10 -22.5
v 0 0 -22.5
v 10 0 -22.5
v 50 100 -22.5
v 40 100 -22.5
v 40 90 -22.5
v 50 90 -22.5
v 40 100 -22.5
v 10 100 -22.5
v 10 90 -22.5
v 40 90 -22.5
v 10 100 -22.5
v 0 100 -22.5
v 0 90 -22.5
v 10 90 -22.5
v 10 90 -22.5
v 0 90 -22.5
v 0 10 -22.5
v 10 10 -22.5
v 10 10 -22.5
v 40 10 -22.5
v 40 10.0 -27.5
v 10 10.0 -27.5
v 10 90 -22.5
v 10 10 -22.5
v 10 10 -27.5
v 10 90 -27.5
v 40 10 -22.5
v 40 90 -22.5
v 40 90 -27.5
v 40 10.0 -27.5
v 40 90 -22.5
v 10 90 -22.5
v 10 90 -27.5
v 40 90 -27.5

f 1 2 3 4
f 5 6 7 8
f 9 10 11 12
f 13 14 15 16
f 17 18 19 20
f 21 22 23 24
f 25 26 27 28
f 29 30 31 32
f 33 34 35 36
f 37 38 39 40
f 41 42 43 44
f 45 46 47 48
f 49 50 51 52
f 53 54 55 56
f 57 58 59 60
f 61 62 63 64
f 65 66 67 68
f 69 70 71 72
f 73 74 75 76
f 77 78 79 80

g Window:Glass
usemtl color4

v 40 90 -25
v 40 10 -25
v 10 10 -25
v 10 90 -25
v 40 90 -25
v 40 10 -25
v 10 10 -25
v 10 90 -25

f 1 2 3 4
f 5 8 7 6

g WindowTall:frame
usemtl color10

v 0 10 -27.5
v 10 10 -27.5
v 10 0 -27.5
v 0 0 -27.5
v 10 10 -27.5
v 90 10 -27.5
v 90 0 -27.5
v 10 0 -27.5
v 0 240 -27.5
v 10 240 -27.5
v 10 10 -27.5
v 0 10 -27.5
v 90 10 -27.5
v 100 10 -27.5
v 100 0 -27.5
v 90 0 -27.5
v 0 250 -27.5
v 10 250 -27.5
v 10 240 -27.5
v 0 240 -27.5
v 10 250 -27.5
v 90 250 -27.5
v 90 240 -27.5
v 10 240 -27.5
v 90 250 -27.5
v 100 250 -27.5
v 100 240 -27.5
v 90 240 -27.5
v 90 240 -27.5
v 100 240 -27.5
v 100 10 -27.5
v 90 10 -27.5
v 100 10 -22.5
v 90 10 -22.5
v 90 0 -22.5
v 100 0 -22.5
v 90 10 -22.5
v 10 10 -22.5
v 10 0 -22.5
v 90 0 -22.5
v 100 240 -22.5
v 90 240 -22.5
v 90 10 -22.5
v 100 10 -22.5
v 10 10 -22.5
v 0 10 -22.5
v 0 0 -22.5
v 10 0 -22.5
v 100 250 -22.5
v 90 250 -22.5
v 90 240 -22.5
v 100 240 -22.5
v 90 250 -22.5
v 10 250 -22.5
v 10 240 -22.5
v 90 240 -22.5
v 10 250 -22.5
v 0 250 -22.5
v 0 240 -22.5
v 10 240 -22.5
v 10 240 -22.5
v 0 240 -22.5
v 0 10 -22.5
v 10 10 -22.5
v 10 10 -22.5
v 90 10 -22.5
v 90 10 -27.5
v 10 10 -27.5
v 10 240 -22.5
v 10 10 -22.5
v 10 10 -27.5
v 10 240 -27.5
v 90 10 -22.5
v 90 240 -22.5
v 90 240 -27.5
v 90 10 -27.5
v 90 240 -22.5
v 10 240 -22.5
v 10 240 -27.5
v 90 240 -27.5

f 1 2 3 4
f 5 6 7 8
f 9 10 11 12
f 13 14 15 16
f 17 18 19 20
f 21 22 23 24
f 25 26 27 28
f 29 30 31 32
f 33 34 35 36
f 37 38 39 40
f 41 42 43 44
f 45 46 47 48
f 49 50 51 52
f 53 54 55 56
f 57 58 59 60
f 61 62 63 64
f 65 66 67 68
f 69 70 71 72
f 73 74 75 76
f 77 78 79 80

g WindowTall:Glass
usemtl color4

v 90 240 -25
v 90 10 -25
v 10 10 -25
v 10 240 -25
v 90 240 -25
v 90 10 -25
v 10 10 -25
v 10 240 -25

f 1 2 3 4
f 5 8 7 6